0 0 0
0 1 682.492
0 2 470.514
0 3 334.381
0 4 244.175
0 5 181.786
0 6 137.022
0 7 104.023
0 8 79.2441
0 9 60.4122
0 10 45.9914
0 11 34.8961
0 12 26.3313
0 13 19.6978
0 14 14.5328
0 15 10.4709
0 16 7.21653
0 17 4.52394
0 18 2.18171
0 19 0
1 0 0
1 1 768.144
1 2 579.572
1 3 437.203
1 4 331.571
1 5 252.859
1 6 193.596
1 7 148.523
1 8 113.973
1 9 87.3451
1 10 66.7547
1 11 50.801
1 12 38.4215
1 13 28.7952
1 14 21.2761
1 15 15.3473
1 16 10.5868
1 17 6.64084
1 18 3.20374
1 19 0
2 0 0
2 1 811.997
2 2 645.092
2 3 506.749
2 4 395.896
2 5 308.385
2 6 239.702
2 7 185.903
2 8 143.792
2 9 110.849
2 10 85.0963
2 11 64.9821
2 12 49.2794
2 13 37.0116
2 14 27.3935
2 15 19.7865
2 16 13.6628
2 17 8.57639
2 18 4.13918
2 19 0
3 0 0
3 1 836.604
3 2 685.379
3 3 553.136
3 4 441.71
3 5 349.997
3 6 275.622
3 7 215.894
3 8 168.258
3 9 130.465
3 10 100.607
3 11 77.0973
3 12 58.6302
3 13 44.1324
3 14 32.7217
3 15 23.668
3 16 16.3602
3 17 10.2772
3 18 4.96212
3 19 0
4 0 0
4 1 851.183
4 2 710.548
4 3 583.741
4 4 473.443
4 5 380.014
4 6 302.399
4 7 238.843
4 8 187.369
4 9 146.038
4 10 113.079
4 11 86.939
4 12 66.288
4 13 50.0019
4 14 37.1363
4 15 26.897
4 16 18.6112
4 17 11.6995
4 18 5.65114
4 19 0
5 0 0
5 1 859.946
5 2 726.155
5 3 603.414
5 4 494.559
5 5 400.611
5 6 321.256
5 7 255.356
5 8 201.364
5 9 157.605
5 10 122.45
5 11 94.4029
5 12 72.1401
5 13 54.5155
5 14 40.5484
5 15 29.403
5 16 20.3635
5 17 12.8091
5 18 6.18937
5 19 0
6 0 0
6 1 864.969
6 2 735.265
6 3 615.163
6 4 507.467
6 5 413.477
6 6 333.262
6 7 266.043
6 8 210.547
6 9 165.285
6 10 128.733
6 11 99.4493
6 12 76.1249
6 13 57.6075
6 14 42.898
6 15 31.136
6 16 21.5794
6 17 13.5809
6 18 6.56421
6 19 0
7 0 0
7 1 867.287
7 2 739.511
7 3 620.711
7 4 513.651
7 5 419.728
7 6 339.174
7 7 271.37
7 8 215.177
7 9 169.196
7 10 131.965
7 11 102.068
7 12 78.2105
7 13 59.2389
7 14 44.1467
7 15 32.0629
7 16 22.2331
7 17 13.9974
7 18 6.76691
7 19 0
8 0 0
8 1 867.332
8 2 739.598
8 3 620.836
8 4 513.807
8 5 419.909
8 6 339.372
8 7 271.578
8 8 215.388
8 9 169.404
8 10 132.163
8 11 102.253
8 12 78.3785
8 13 59.3865
8 14 44.2718
8 15 32.164
8 16 22.3093
8 17 14.0482
8 18 6.79218
8 19 0
9 0 0
9 1 865.102
9 2 735.521
9 3 615.528
9 4 507.923
9 5 414.004
9 6 333.84
9 7 266.65
9 8 211.163
9 9 165.892
9 10 129.314
9 11 99.9906
9 12 76.6154
9 13 58.0386
9 14 43.2633
9 15 31.4312
9 16 21.8018
9 17 13.7292
9 18 6.63801
9 19 0
10 0 0
10 1 860.155
10 2 726.557
10 3 603.989
10 4 495.278
10 5 401.443
10 6 322.167
10 7 256.313
10 8 202.335
10 9 158.562
10 10 123.366
10 11 95.2564
10 12 72.9135
10 13 55.1951
10 14 41.1243
10 15 29.8684
10 16 20.7141
10 17 13.0428
10 18 6.30572
10 19 0
11 0 0
11 1 851.451
11 2 711.064
11 3 584.478
11 4 474.365
11 5 381.081
11 6 303.568
11 7 240.071
11 8 188.616
11 9 147.266
11 10 114.254
11 11 88.0337
11 12 67.2798
11 13 50.8735
11 14 37.8749
11 15 27.4939
11 16 19.0608
11 17 11.9992
11 18 5.80033
11 19 0
12 0 0
12 1 836.907
12 2 685.965
12 3 553.971
12 4 442.755
12 5 351.206
12 6 276.947
12 7 217.286
12 8 169.671
12 9 131.856
12 10 101.938
12 11 78.3376
12 12 59.754
12 13 45.1199
12 14 33.5584
12 15 24.3441
12 16 16.8696
12 17 10.6167
12 18 5.13111
12 19 0
13 0 0
13 1 812.308
13 2 645.691
13 3 507.604
13 4 396.966
13 5 309.624
13 6 241.059
13 7 187.329
13 8 145.239
13 9 112.273
13 10 86.4595
13 11 66.252
13 12 50.43
13 13 38.0225
13 14 28.25
13 15 20.4785
13 16 14.1841
13 17 8.92383
13 18 4.31213
13 19 0
14 0 0
14 1 768.43
14 2 580.123
14 3 437.99
14 4 332.555
14 5 253.998
14 6 194.844
14 7 149.834
14 8 115.303
14 9 88.6547
14 10 68.0082
14 11 51.9686
14 12 39.4793
14 13 29.7245
14 14 22.0634
14 15 15.9835
14 16 11.0659
14 17 6.96016
14 18 3.36268
14 19 0
15 0 0
15 1 682.719
15 2 470.95
15 3 335.003
15 4 244.954
15 5 182.688
15 6 138.01
15 7 105.06
15 8 80.2964
15 9 61.4479
15 10 46.9826
15 11 35.8194
15 12 27.1676
15 13 20.4325
15 14 15.1552
15 15 10.9737
15 16 7.59524
15 17 4.77631
15 18 2.30732
15 19 0
16 0 0
16 1 492.488
16 2 287.739
16 3 188.422
16 4 132.11
16 5 96.3445
16 6 71.8587
16 7 54.2809
16 8 41.2824
16 9 31.4897
16 10 24.0247
16 11 18.2898
16 12 13.8588
16 13 10.4167
16 14 7.72347
16 15 5.59133
16 16 3.86952
16 17 2.43324
16 18 1.17539
16 19 0
17 0 0
17 1 0
17 2 0
17 3 0
17 4 0
17 5 0
17 6 0
17 7 0
17 8 0
17 9 0
17 10 0
17 11 0
17 12 0
17 13 0
17 14 0
17 15 0
17 16 0
17 17 0
17 18 0
17 19 0
18 0 1000
18 1 0
18 2 0
18 3 0
18 4 0
18 5 0
18 6 0
18 7 0
18 8 0
18 9 0
18 10 0
18 11 0
18 12 0
18 13 0
18 14 0
18 15 0
18 16 0
18 17 0
18 18 0
18 19 0
19 0 1000
19 1 492.357
19 2 287.487
19 3 188.063
19 4 131.66
19 5 95.8238
19 6 71.2884
19 7 53.6819
19 8 40.6747
19 9 30.8917
19 10 23.4524
19 11 17.7568
19 12 13.376
19 13 9.99264
19 14 7.36423
19 15 5.30114
19 16 3.65098
19 17 2.28761
19 18 1.10292
19 19 0
